4.127 26.9775
3.9661 26.4409
3.8515 26.0045
3.772 25.657
3.7191 25.418
3.6783 25.236
3.6433 25.0777
3.6132 24.9369
3.5853 24.8016
3.5612 24.6827
3.5412 24.577
3.5273 24.4997
3.5179 24.4445
3.5111 24.4052
3.5059 24.3753
3.5016 24.3486
3.4976 24.328
3.4936 24.3043
3.4881 24.2782
3.4812 24.2441
3.4727 24.1997
3.3875 23.8066
3.3389 23.6021
3.3038 23.4601
3.2693 23.3254
3.234 23.1922
3.1981 23.0635
3.1666 22.9551
3.1395 22.8618
3.1118 22.7692
3.0789 22.6626
3.0403 22.5429
2.9989 22.4204
2.9544 22.2978
2.9058 22.1723
2.8523 22.0433
2.794 21.9124
2.7344 21.7817
2.6757 21.6536
2.6201 21.528
2.5935 21.4668
2.5683 21.4071
2.5446 21.3492
2.5225 21.2933
2.5017 21.2395
2.4819 21.1877
2.4633 21.1377
2.4459 21.0892
2.4288 21.0418
2.4124 20.9948
2.3965 20.9481
2.3811 20.9016
2.3663 20.8554
2.3518 20.8095
2.338 20.7644
2.3244 20.7197
2.3115 20.6759
2.2991 20.6326
2.2873 20.5902
2.276 20.5485
2.2653 20.5076
2.2555 20.4676
2.246 20.4284
2.2375 20.3901
2.2289 20.3527
2.2209 20.3162
2.2132 20.2808
2.2061 20.2458
2.1991 20.212
2.1923 20.1787
2.1855 20.1442
2.1787 20.1104
2.1722 20.0767
2.1659 20.0435
2.1597 20.0109
2.154 19.9789
2.1485 19.9476
2.1432 19.9168
2.1382 19.8865
2.1333 19.8568
2.1288 19.8274
2.1246 19.7984
2.1204 19.7698
2.1164 19.7414
2.1126 19.7133
2.109 19.6856
2.1057 19.658
2.1024 19.6307
2.0993 19.6037
2.0962 19.5769
2.0933 19.5504
2.0905 19.5242
2.088 19.4982
2.0855 19.4726
2.0833 19.4474
2.0812 19.4224
2.0794 19.3978
2.0775 19.3737
2.0756 19.3503
2.0738 19.3273
2.0729 19.3137
2.0719 19.3001
2.071 19.2864
2.0701 19.2726
2.0692 19.2586
2.0683 19.2447
2.0677 19.2305
2.0668 19.2164
2.0661 19.2022
2.0655 19.1878
2.0649 19.1734
2.0643 19.1589
2.0635 19.1443
2.0629 19.1296
2.0623 19.115
2.0618 19.1001
2.0611 19.0853
2.0607 19.0703
2.0603 19.0553
2.0599 19.0402
2.0599 19.0248
2.0597 19.0095
2.0597 18.9939
2.0597 18.9783
2.0599 18.9625
2.0601 18.9466
2.0604 18.9306
2.0608 18.9145
2.0613 18.8982
2.0619 18.8819
2.0626 18.8654
2.0633 18.8489
2.0643 18.8321
2.0654 18.8153
2.0667 18.7982
2.0682 18.7811
2.0699 18.7638
2.0717 18.7464
2.0739 18.7288
2.0763 18.7111
2.0788 18.6935
2.0819 18.6756
2.0857 18.6575
2.0899 18.6394
2.0948 18.6212
2.1004 18.6031
2.1078 18.5851
2.1172 18.5677
2.1296 18.5514
2.1453 18.5388
2.159 18.5338
2.176 18.5299
2.197 18.5267
2.2209 18.5217
2.2467 18.5106
2.2706 18.4892
2.2896 18.4572
2.3036 18.4184
2.3141 18.3759
2.3219 18.3315
2.328 18.286
2.3332 18.2396
2.3373 18.1928
2.3407 18.1459
2.3436 18.0987
2.3463 18.0512
2.3484 18.0039
2.3503 17.9565
2.3519 17.9091
2.3535 17.8617
2.3547 17.8274
2.3559 17.7928
2.3572 17.7578
2.3583 17.7228
2.3596 17.6869
2.3608 17.6498
2.3623 17.6112
2.3637 17.57
2.3652 17.526
2.3671 17.4803
2.369 17.4319
2.3712 17.3808
2.3736 17.3277
2.3762 17.2721
2.379 17.2152
2.382 17.1558
2.3854 17.0948
2.3892 17.032
2.3932 16.9677
2.3974 16.9015
2.4021 16.8335
2.4071 16.7641
2.4124 16.6936
2.4184 16.6214
2.4247 16.5479
2.431 16.4735
2.4379 16.3978
2.445 16.3212
2.4526 16.2437
2.4603 16.1656
2.4683 16.0869
2.4762 16.0097
2.4834 15.9388
2.4931 15.8558
2.5066 15.7449
2.5079 15.7359
2.5089 15.7281
2.5098 15.7209
2.5106 15.7147
2.5112 15.7099
2.5116 15.7062
2.5116 15.7041
2.5114 15.7039
2.5109 15.7055
2.5102 15.7088
2.4894 15.8601
2.4926 15.8026
2.5127 15.6456
2.5324 15.5006
2.553 15.3587
2.5734 15.225
2.5948 15.0922
2.6165 14.9627
2.6385 14.8378
2.6619 14.7156
2.6862 14.5973
2.7112 14.4813
2.7364 14.3692
2.7612 14.2607
2.7869 14.1548
2.8139 14.0516
2.8408 13.9527
2.8701 13.8555
2.9014 13.7663
2.9319 13.6774
2.9632 13.5912
2.9954 13.5079
3.0289 13.4265
3.0631 13.3483
3.0989 13.2722
3.1347 13.1969
3.1699 13.1229
3.2089 13.0549
3.2496 12.9884
3.2925 12.9247
3.3363 12.8647
3.3815 12.8057
3.4278 12.747
3.479 12.6895
3.5329 12.6276
3.5915 12.5691
3.6538 12.5132
3.7238 12.4638
3.8055 12.4287
3.9042 12.4083
4.0131 12.3969
4.1303 12.3945
4.2569 12.3989
4.3941 12.4029
4.5328 12.4096
4.6686 12.4167
4.8024 12.4239
4.9364 12.4331
5.0669 12.4397
5.1841 12.442
5.2768 12.4341
5.38 12.4367
5.4636 12.4388
