2 7 0.36407676245 0.03594287561 1.445 16.107
6 189 -1.06592323755 -0.06405712439 5.675 16.360
7 23 0.20407676245 0.27594287561 1.401 16.278
9 14 0.16407676245 0.35594287561 1.501 16.444
10 15 0.19407676245 0.15594287561 1.382 16.363
13 29 -0.33592323755 0.04594287561 1.624 16.066
14 77 0.06407676245 0.18594287561 1.375 16.482
15 44 -0.41592323755 -0.58405712439 3.558 16.462
17 36 0.46407676245 0.18594287561 1.381 16.143
20 74 -0.19592323755 -0.17405712439 1.331 16.412
24 50 0.11407676245 0.69594287561 1.543 16.401
25 13 0.58407676245 -0.23405712439 2.329 16.398
30 53 0.25407676245 0.54594287561 1.594 16.336
32 59 0.13407676245 0.02594287561 1.736 16.483
33 112 -0.07592323755 0.26594287561 1.433 16.598
34 11 -0.20592323755 -0.46405712439 2.271 16.295
35 65 0.18407676245 0.14594287561 1.764 16.425
36 12 0.55407676245 -0.14405712439 2.505 16.561
37 10 0.05407676245 -0.51405712439 2.32 16.259
39 22 -0.28592323755 0.18594287561 2.157 16.485
40 4 0.13407676245 -0.01405712439 2.652 16.660
42 70 0.49407676245 -0.07405712439 1.352 16.249
45 28 0.25407676245 0.19594287561 1.871 16.228
46 80 0.01407676245 -0.05405712439 1.496 16.283
48 127 0.12407676245 0.22594287561 1.272 16.707
49 32 0.20407676245 0.53594287561 1.573 16.313
50 31 -0.49592323755 0.11594287561 2.429 16.220
51 20 0.14407676245 0.08594287561 2.411 16.129
53 33 -0.25592323755 0.23594287561 1.611 16.298
56 39 0.02407676245 -0.11405712439 1.464 16.234
57 21 0.06407676245 0.11594287561 2.388 16.614
58 90 0.22407676245 0.12594287561 1.423 16.313
59 114 0.16407676245 -0.30405712439 1.499 16.589
61 116 0.52407676245 -0.34405712439 1.167 16.703
62 61 0.30407676245 -0.55405712439 1.35 16.385
63 167 -0.36592323755 -0.16405712439 1.275 16.568
66 18 0.07407676245 -0.08405712439 2.42 16.311
67 175 -0.13592323755 0.10594287561 1.19 16.347
70 136 -0.00592323755 -0.33405712439 1.464 16.809
71 118 0.18407676245 0.59594287561 1.436 16.409
72 25 0.12407676245 0.30594287561 1.457 16.170
74 86 -0.11592323755 -0.18405712439 1.552 16.253
75 43 0.12407676245 -0.15405712439 2.472 16.658
76 30 -0.28592323755 -0.16405712439 2.512 16.007
77 34 -0.24592323755 0.00594287561 2.491 16.539
78 101 0.15407676245 0.47594287561 1.667 16.508
79 119 0.01407676245 -0.09405712439 1.61 16.689
80 5 0.34407676245 -0.27405712439 2.423 16.229
81 134 -0.09592323755 0.25594287561 1.634 16.838
82 19 -0.10592323755 -0.02405712439 2.463 16.692
83 42 -0.26592323755 -0.26405712439 2.48 16.431
84 146 -0.14592323755 0.08594287561 1.509 16.385
85 56 -0.01592323755 -0.21405712439 2.236 16.372
86 38 -0.20592323755 -0.65405712439 2.611 16.650
87 27 0.04407676245 -0.13405712439 2.497 16.278
88 35 -0.09592323755 -0.15405712439 2.258 16.235
89 41 -0.19592323755 0.15594287561 2.231 16.577
90 92 0.71407676245 0.11594287561 1.804 16.396
91 89 0.18407676245 0.50594287561 1.603 16.704
92 126 -0.03592323755 0.08594287561 1.698 16.772
93 141 -0.38592323755 0.16594287561 1.503 16.236
94 24 0.53407676245 0.15594287561 2.1 16.932
95 57 -0.18592323755 -0.34405712439 2.35 16.729
96 46 0.06407676245 0.15594287561 2.418 16.913
97 159 0.09407676245 0.17594287561 1.48 16.320
98 8 -0.52592323755 -0.17405712439 2.579 16.319
99 45 -0.13592323755 0.20594287561 2.436 16.411
100 76 0.00407676245 -0.05405712439 2.496 16.952
101 58 0.00407676245 -0.25405712439 2.229 16.463
102 139 0.03407676245 0.18594287561 1.484 16.379
103 115 0.06407676245 -0.24405712439 1.627 16.825
104 67 -0.16592323755 0.20594287561 2.319 16.794
105 68 0.01407676245 -0.09405712439 2.499 16.744
106 158 -0.13592323755 0.02594287561 1.595 16.454
107 157 -0.06592323755 -0.08405712439 1.585 16.793
108 52 -0.03592323755 0.14594287561 2.305 16.533
109 37 -0.09592323755 -0.27405712439 2.412 16.499
110 154 -0.07592323755 0.00594287561 1.569 16.500
111 174 0.09407676245 0.08594287561 1.481 16.776
112 55 -0.09592323755 -0.17405712439 2.474 16.817
113 103 -0.11592323755 -0.16405712439 2.324 16.502
114 73 -0.34592323755 -0.28405712439 2.595 16.785
115 99 -0.06592323755 -0.26405712439 1.8 16.378
116 91 -0.00592323755 -0.10405712439 2.529 16.523
117 63 -0.29592323755 -0.33405712439 2.586 16.846
118 98 -0.17592323755 0.14594287561 2.387 16.565
119 169 0.15407676245 -0.18405712439 1.529 16.505
120 71 -0.01592323755 -0.09405712439 2.534 16.494
121 81 -0.01592323755 -0.03405712439 2.348 16.521
122 62 -0.05592323755 0.65594287561 2.349 16.625
123 48 -0.29592323755 0.13594287561 2.489 16.710
124 143 0.19407676245 -0.24405712439 1.54 16.775
125 108 -0.22592323755 -0.04405712439 2.467 16.782
126 54 0.14407676245 0.29594287561 2.534 16.770
127 88 -0.26592323755 0.35594287561 2.425 16.666
130 193 -0.08592323755 -0.31405712439 1.273 16.560
131 132 0.52407676245 0.45594287561 1.52 16.573
132 102 0.02407676245 -0.48405712439 2.199 16.883
133 104 0.36407676245 0.52594287561 1.616 16.368
134 121 -0.16592323755 -0.15405712439 2.092 16.588
135 75 -0.27592323755 -0.27405712439 2.253 16.618
136 40 0.15407676245 0.60594287561 2.376 16.619
137 79 0.28407676245 -0.27405712439 2.234 16.865
138 64 0.05407676245 0.21594287561 2.419 16.810
139 47 -0.21592323755 0.20594287561 2.251 16.612
140 93 -0.13592323755 0.16594287561 2.377 16.599
141 82 -0.32592323755 -0.21405712439 2.392 16.841
142 187 -0.26592323755 -0.29405712439 1.566 16.876
143 110 -0.35592323755 -0.12405712439 2.35 16.569
144 85 0.00407676245 0.03594287561 2.184 16.499
145 84 0.08407676245 0.20594287561 2.321 16.924
146 97 0.06407676245 0.48594287561 2.278 16.929
147 191 0.08407676245 -0.20405712439 1.66 16.534
148 69 0.11407676245 0.03594287561 2.424 16.679
149 182 0.01407676245 0.21594287561 1.717 16.614
150 131 -0.25592323755 0.21594287561 2.301 16.795
151 96 0.20407676245 -0.12405712439 2.359 16.634
152 124 -0.24592323755 -0.18405712439 2.366 16.625
153 100 -0.10592323755 0.09594287561 2.483 16.679
154 94 0.30407676245 -0.24405712439 2.568 16.958
155 120 0.07407676245 -0.30405712439 2.394 16.693
156 60 0.22407676245 0.18594287561 2.244 16.717
157 83 0.31407676245 -0.43405712439 2.441 16.714
158 217 -0.19592323755 -0.04405712439 1.562 16.640
159 113 0.01407676245 -0.37405712439 2.403 16.941
160 51 0.16407676245 0.21594287561 2.55 16.711
161 202 0.07407676245 0.17594287561 1.463 16.614
162 181 0.14407676245 0.42594287561 1.869 16.669
163 106 -0.00592323755 -0.49405712439 2.12 16.570
164 210 0.12407676245 0.20594287561 1.486 16.557
165 129 -0.09592323755 -0.62405712439 2.214 17.058
166 218 0.05407676245 -0.33405712439 1.54 17.049
167 142 -0.06592323755 0.27594287561 2.232 16.752
168 238 0.17407676245 -0.03405712439 1.552 16.995
169 95 0.04407676245 -0.48405712439 2.359 16.796
170 221 -0.10592323755 -0.32405712439 1.522 16.865
171 78 0.10407676245 0.16594287561 2.608 16.650
172 135 -0.06592323755 -0.11405712439 2.371 16.717
173 148 -0.22592323755 0.05594287561 2.146 16.701
174 151 -0.19592323755 -0.20405712439 2.514 16.689
175 185 0.03407676245 0.24594287561 1.593 16.731
176 140 -0.14592323755 -0.09405712439 2.34 16.715
177 105 0.00407676245 0.11594287561 2.376 17.017
178 122 0.13407676245 -0.33405712439 2.423 16.752
179 152 -0.04592323755 0.13594287561 2.303 16.829
180 236 0.01407676245 0.27594287561 1.556 16.767
181 207 0.30407676245 -0.12405712439 1.862 16.770
182 138 -0.17592323755 0.07594287561 2.314 17.015
183 87 0.14407676245 0.12594287561 2.719 16.800
185 144 0.14407676245 0.36594287561 2.106 16.790
186 107 -0.15592323755 0.25594287561 1.72 16.750
187 66 -0.19592323755 0.35594287561 2.866 16.804
188 123 0.16407676245 0.22594287561 2.489 16.751
189 184 0.27407676245 0.48594287561 1.501 16.694
190 137 -0.07592323755 -0.01405712439 2.274 16.776
191 109 -0.00592323755 0.43594287561 2.314 16.844
192 149 -0.03592323755 0.12594287561 2.557 16.736
193 242 -0.08592323755 0.07594287561 1.534 17.085
194 145 -0.18592323755 -0.35405712439 2.304 16.773
195 311 0.48407676245 0.46594287561 1.259 16.680
196 170 -0.22592323755 -0.43405712439 2.376 17.190
197 173 0.00407676245 -0.05405712439 2.098 16.964
198 198 0.27407676245 -0.58405712439 1.786 16.811
199 266 0.09407676245 0.14594287561 1.476 17.123
200 186 -0.23592323755 0.04594287561 2.219 16.828
202 160 0.17407676245 -0.23405712439 2.335 17.092
204 171 -0.02592323755 -0.65405712439 2.212 16.889
205 155 -0.12592323755 0.01594287561 2.448 17.110
206 271 0.35407676245 0.18594287561 1.589 16.782
207 256 0.08407676245 -0.00405712439 1.585 17.111
208 216 0.26407676245 0.08594287561 1.706 16.717
210 257 -0.13592323755 -0.01405712439 1.696 16.873
211 224 0.12407676245 -0.18405712439 1.68 16.840
212 263 -0.41592323755 0.14594287561 1.485 17.072
213 176 -0.23592323755 0.10594287561 2.097 16.871
214 72 0.56407676245 -0.30405712439 2.197 16.744
215 188 0.08407676245 -0.34405712439 2.409 16.831
217 128 0.08407676245 0.17594287561 2.381 16.898
218 177 -0.26592323755 0.12594287561 2.364 17.119
220 194 -0.20592323755 0.10594287561 2.137 17.032
221 165 0.07407676245 0.18594287561 2.392 16.843
222 192 0.06407676245 0.10594287561 2.483 16.693
223 161 0.24407676245 0.20594287561 2.468 16.823
225 164 0.39407676245 0.00594287561 2.345 16.958
226 156 0.16407676245 0.21594287561 2.294 17.253
227 153 0.25407676245 -0.07405712439 2.425 16.712
228 262 -0.39592323755 -0.21405712439 1.737 16.867
229 215 -0.24592323755 0.30594287561 1.835 17.160
230 237 0.01407676245 0.53594287561 1.559 16.859
231 196 -0.17592323755 0.01594287561 2.3 16.967
232 200 0.00407676245 0.06594287561 2.185 16.874
233 117 -0.10592323755 0.63594287561 2.419 17.186
234 147 0.28407676245 0.35594287561 2.285 16.911
235 314 0.20407676245 0.18594287561 1.335 17.354
236 178 0.26407676245 -0.39405712439 2.346 16.928
237 255 0.19407676245 0.13594287561 1.868 16.982
238 163 -0.35592323755 -0.63405712439 2.478 17.069
239 206 0.05407676245 -0.03405712439 2.303 17.211
240 208 -0.17592323755 -0.08405712439 2.575 16.983
241 190 0.31407676245 -0.16405712439 2.465 17.382
242 839 0.18407676245 0.45594287561 1.427 16.948
244 205 0.15407676245 0.16594287561 3.174 17.101
245 295 -0.28592323755 0.04594287561 1.696 16.964
246 229 -0.09592323755 -0.51405712439 1.734 16.929
247 179 -0.09592323755 -0.00405712439 2.376 17.195
248 222 0.17407676245 0.19594287561 2.22 17.188
249 195 0.02407676245 0.28594287561 2.327 17.167
250 201 -0.24592323755 -0.04405712439 2.439 16.959
251 162 0.02407676245 0.47594287561 2.13 17.167
252 227 -0.18592323755 0.00594287561 2.343 17.138
253 259 0.20407676245 0.37594287561 1.843 17.260
254 275 0.16407676245 0.27594287561 1.817 17.011
255 277 -0.06592323755 0.53594287561 1.785 17.056
256 270 0.32407676245 0.58594287561 1.491 17.021
257 166 0.15407676245 0.06594287561 1.046 17.369
258 338 0.14407676245 -0.06405712439 1.455 16.873
259 274 0.31407676245 0.41594287561 1.696 17.005
260 289 -0.09592323755 0.09594287561 1.768 17.240
261 245 0.49407676245 -0.25405712439 1.777 16.993
262 203 -0.29592323755 -0.09405712439 2.345 16.944
263 233 -0.00592323755 -0.58405712439 2.368 16.989
264 316 0.28407676245 0.02594287561 1.764 16.983
265 366 0.03407676245 -0.14405712439 1.474 17.472
266 246 0.22407676245 -0.31405712439 2.205 16.991
267 268 -0.10592323755 0.24594287561 2.329 16.907
268 219 -0.02592323755 -0.06405712439 2.327 16.956
269 230 -0.13592323755 -0.10405712439 2.347 17.207
270 235 -0.22592323755 0.39594287561 2.235 17.152
271 248 0.04407676245 0.04594287561 2.171 17.249
272 322 0.29407676245 -0.15405712439 1.602 17.062
273 285 0.08407676245 -0.17405712439 2.282 17.084
274 264 0.09407676245 0.13594287561 2.273 16.953
275 234 -0.13592323755 0.22594287561 2.177 17.066
276 282 0.16407676245 0.60594287561 1.678 17.354
277 223 -0.04592323755 -0.21405712439 2.144 17.014
278 283 0.31407676245 -0.55405712439 2.23 17.175
279 383 0.25407676245 -0.20405712439 1.478 16.961
280 310 0.44407676245 0.10594287561 1.676 17.066
281 228 -0.13592323755 0.17594287561 2.123 17.041
282 296 0.01407676245 0.24594287561 1.849 17.018
283 372 -0.05592323755 -0.06405712439 1.587 17.353
284 309 0.15407676245 -0.01405712439 1.744 17.254
285 331 -0.04592323755 -0.66405712439 1.698 16.894
286 307 0.06407676245 -0.30405712439 2.274 17.313
287 254 0.38407676245 -0.36405712439 2.307 17.185
288 214 -0.10592323755 0.08594287561 2.566 17.104
289 269 -0.30592323755 0.33594287561 2.229 17.092
290 287 -0.13592323755 0.22594287561 2.182 17.140
291 252 -0.31592323755 -0.70405712439 2.336 17.093
292 197 -0.05592323755 -0.33405712439 2.511 17.170
293 243 -0.08592323755 0.27594287561 2.214 17.146
294 346 0.46407676245 0.14594287561 1.666 17.228
295 286 0.04407676245 0.21594287561 2.159 17.234
296 333 -0.14592323755 -0.18405712439 1.549 17.344
297 279 -0.06592323755 0.06594287561 2.301 17.457
299 239 0.10407676245 0.15594287561 2.28 17.663
300 312 0.19407676245 -0.16405712439 1.795 17.447
301 267 -0.14592323755 -0.09405712439 2.287 17.277
302 258 -0.21592323755 -0.06405712439 2.32 17.267
303 294 -0.10592323755 -0.17405712439 2.13 17.246
304 367 0.20407676245 0.34594287561 1.852 17.143
306 247 0.15407676245 0.21594287561 2.396 17.143
307 273 0.06407676245 0.32594287561 1.781 17.306
308 290 -0.30592323755 -0.17405712439 2.244 17.432
309 340 0.68407676245 0.18594287561 1.573 17.175
310 249 0.27407676245 0.34594287561 1.822 17.177
311 319 0.01407676245 -0.06405712439 2.282 17.157
313 334 0.31407676245 0.34594287561 1.71 17.196
314 303 -0.44592323755 -0.23405712439 2.387 17.202
315 301 0.38407676245 0.30594287561 1.802 17.199
317 328 -0.21592323755 0.24594287561 1.787 17.388
318 353 -0.02592323755 -0.13405712439 1.584 17.228
319 375 -0.06592323755 0.00594287561 1.589 17.172
320 362 0.14407676245 0.24594287561 1.754 17.237
321 293 -0.15592323755 0.10594287561 2.319 17.385
322 253 -0.21592323755 -0.48405712439 2.494 17.135
323 374 0.10407676245 0.19594287561 1.691 17.227
324 348 0.00407676245 0.14594287561 1.784 17.451
325 302 -0.19592323755 -0.22405712439 2.356 17.331
326 276 0.30407676245 -0.59405712439 2.107 17.164
328 204 0.52407676245 0.53594287561 2.325 17.320
329 278 0.05407676245 -0.15405712439 2.629 17.409
331 376 0.25407676245 0.21594287561 1.757 17.402
332 244 0.10407676245 0.21594287561 2.316 17.233
333 369 -0.15592323755 -0.36405712439 1.815 17.215
334 306 -0.15592323755 -0.36405712439 2.302 17.097
335 168 1.45407676245 0.18594287561 2.728 17.238
336 300 0.08407676245 0.14594287561 2.394 17.250
337 336 -0.17592323755 0.21594287561 2.16 17.205
338 240 0.21407676245 0.27594287561 2.257 17.071
339 261 0.15407676245 0.07594287561 2.469 17.258
340 220 0.05407676245 0.00594287561 2.436 17.391
341 324 -0.53592323755 0.09594287561 2.295 17.220
342 213 0.18407676245 0.62594287561 2.291 17.436
343 241 -0.03592323755 -0.11405712439 2.447 17.237
344 292 0.08407676245 0.18594287561 2.247 16.925
345 323 0.07407676245 -0.16405712439 2.288 17.209
346 199 -0.17592323755 -0.37405712439 2.438 17.306
347 250 -0.25592323755 -0.65405712439 2.395 17.235
348 420 0.20407676245 0.11594287561 1.698 17.228
349 313 -0.21592323755 -0.18405712439 2.31 17.282
352 378 -0.13592323755 0.06594287561 2.335 16.930
353 211 0.27407676245 0.02594287561 2.321 17.314
354 291 0.19407676245 0.03594287561 2.325 17.392
356 281 0.49407676245 -0.30405712439 2.453 17.456
357 403 0.22407676245 0.22594287561 1.55 17.324
358 394 0.29407676245 0.24594287561 1.897 17.285
359 318 0.53407676245 0.43594287561 1.636 17.381
360 343 0.24407676245 0.13594287561 1.795 17.470
361 298 -0.19592323755 -0.29405712439 2.311 17.255
362 415 0.03407676245 0.24594287561 1.633 17.477
363 284 -0.42592323755 0.11594287561 2.891 17.278
364 419 -0.19592323755 0.09594287561 1.902 17.394
365 360 -0.48592323755 0.27594287561 2.188 17.524
366 265 0.07407676245 0.20594287561 2.555 17.479
367 251 -0.00592323755 -0.69405712439 2.334 17.431
368 471 0.20407676245 -0.14405712439 1.56 17.274
369 407 0.14407676245 -0.42405712439 1.836 17.216
370 337 -0.06592323755 -0.20405712439 2.499 17.457
371 452 -0.30592323755 -0.21405712439 1.682 17.423
372 395 0.01407676245 -0.07405712439 2.123 17.294
373 422 0.52407676245 0.63594287561 1.566 17.303
375 315 0.15407676245 -0.35405712439 2.345 17.269
377 427 0.19407676245 0.33594287561 1.715 17.219
378 342 -0.14592323755 0.46594287561 2.12 17.361
379 461 0.12407676245 -0.15405712439 1.584 17.479
380 356 -0.00592323755 -0.13405712439 2.339 17.180
381 280 -0.16592323755 -0.37405712439 2.339 17.433
382 432 0.25407676245 0.25594287561 1.5 17.316
383 442 0.12407676245 0.14594287561 1.597 17.122
384 393 0.54407676245 0.13594287561 1.762 17.252
385 226 -0.16592323755 0.72594287561 2.4 17.359
386 288 0.11407676245 0.27594287561 2.535 17.338
388 425 0.42407676245 0.06594287561 1.58 17.262
389 349 0.01407676245 -0.23405712439 2.561 17.122
390 326 -0.24592323755 0.01594287561 2.318 17.312
391 379 -0.26592323755 0.23594287561 1.567 17.236
392 358 -0.00592323755 0.20594287561 2.183 17.216
393 329 0.04407676245 0.34594287561 2.246 17.286
394 377 0.14407676245 -0.10405712439 2.146 17.320
395 327 -0.02592323755 0.29594287561 2.371 17.258
396 391 0.32407676245 0.06594287561 1.858 17.260
397 231 0.14407676245 0.13594287561 2.437 17.508
398 491 0.09407676245 0.06594287561 1.659 17.320
401 405 -0.19592323755 0.47594287561 1.685 17.470
402 561 -0.01592323755 0.18594287561 1.633 17.304
404 470 0.16407676245 -0.20405712439 1.674 17.326
405 474 -0.23592323755 0.56594287561 1.589 17.462
406 389 0.06407676245 0.03594287561 2.183 17.397
407 392 0.04407676245 -0.13405712439 2.353 17.608
408 332 -0.04592323755 -0.46405712439 2.133 17.461
409 475 -0.11592323755 -0.08405712439 1.903 17.528
410 1038 0.01407676245 0.16594287561 2.293 17.529
411 534 0.04407676245 -0.21405712439 1.597 17.341
412 352 -0.32592323755 -0.32405712439 2.264 17.519
413 355 0.09407676245 -0.24405712439 2.392 17.229
414 2396 -0.80592323755 0.92594287561 0.051 17.484
415 320 0.10407676245 0.02594287561 2.324 17.417
416 464 0.11407676245 -0.28405712439 1.794 17.274
417 406 0.03407676245 -0.35405712439 2.325 17.368
418 493 0.07407676245 0.25594287561 1.582 17.602
420 384 -0.55592323755 -0.06405712439 2.237 17.506
421 537 -0.12592323755 0.00594287561 1.55 17.350
422 341 -0.01592323755 -0.04405712439 2.396 17.621
423 431 -0.23592323755 0.54594287561 1.554 17.474
424 414 0.18407676245 -0.30405712439 2.139 17.705
426 487 0.25407676245 0.22594287561 1.643 17.391
427 426 -0.03592323755 -0.32405712439 2.16 17.575
428 330 -0.04592323755 -0.30405712439 2.719 17.535
429 397 0.39407676245 0.30594287561 1.56 17.417
431 354 0.31407676245 0.40594287561 2.439 17.646
432 387 -0.36592323755 -0.50405712439 2.198 17.411
433 411 -0.26592323755 -0.09405712439 2.51 17.335
434 483 0.11407676245 0.20594287561 1.731 17.667
436 325 0.90407676245 0.97594287561 3.401 17.666
437 423 -0.19592323755 0.05594287561 2.209 17.388
438 317 0.11407676245 0.35594287561 2.346 17.323
439 413 0.02407676245 -0.16405712439 2.29 17.016
440 499 -0.20592323755 0.17594287561 1.72 17.595
441 418 -0.19592323755 -0.69405712439 2.399 17.366
442 434 -0.19592323755 -0.61405712439 2.14 17.401
443 409 -0.25592323755 -0.57405712439 2.335 17.697
445 895 0.11407676245 -0.25405712439 2.432 17.440
446 401 0.11407676245 -0.29405712439 2.228 17.507
447 373 0.20407676245 0.30594287561 2.521 17.487
448 357 0.06407676245 0.30594287561 2.448 17.416
449 390 0.23407676245 -0.19405712439 2.477 17.537
450 582 -0.18592323755 0.26594287561 1.632 17.406
451 466 -0.25592323755 -0.05405712439 1.815 17.645
452 396 0.13407676245 -0.29405712439 2.334 17.480
453 381 0.16407676245 0.13594287561 2.433 17.518
454 488 -0.02592323755 0.33594287561 1.872 17.640
455 438 -0.00592323755 -0.52405712439 1.796 17.675
456 439 0.04407676245 0.37594287561 2.203 17.585
457 463 0.04407676245 0.42594287561 1.762 17.652
458 455 -0.24592323755 -0.44405712439 2.213 17.648
459 435 0.22407676245 -0.21405712439 2.532 17.491
460 424 0.03407676245 -0.20405712439 2.236 17.489
461 507 0.55407676245 0.34594287561 1.877 17.540
462 481 0.25407676245 -0.23405712439 2.115 17.611
463 663 0.12407676245 0.24594287561 2.591 17.650
464 450 0.09407676245 -0.24405712439 2.119 17.689
465 441 -0.32592323755 -0.19405712439 2.314 17.468
467 410 0.53407676245 -0.12405712439 1.77 17.450
469 486 -0.09592323755 0.20594287561 1.864 17.453
470 497 0.14407676245 0.33594287561 1.816 17.666
471 586 0.02407676245 -0.00405712439 1.404 17.465
472 465 -0.25592323755 -0.22405712439 2.445 17.692
473 567 0.01407676245 0.14594287561 1.877 17.485
475 447 0.34407676245 -0.11405712439 2.217 17.708
477 472 -0.04592323755 -0.07405712439 2.239 17.448
478 500 0.09407676245 0.03594287561 2.108 17.679
479 444 -0.14592323755 -0.12405712439 2.179 17.567
480 977 0.39407676245 0.75594287561 2.143 17.558
481 522 0.11407676245 -0.32405712439 1.884 17.779
483 547 -0.12592323755 0.11594287561 1.79 17.563
486 446 -0.23592323755 -0.63405712439 2.102 17.697
491 592 -0.18592323755 -0.37405712439 1.748 17.540
492 428 -0.05592323755 -0.20405712439 2.289 17.518
493 543 -0.21592323755 -0.11405712439 2.19 17.714
494 421 0.32407676245 -0.28405712439 2.443 17.658
495 542 0.10407676245 -0.57405712439 1.818 17.377
496 456 0.09407676245 0.04594287561 2.422 17.572
497 571 0.15407676245 -0.17405712439 1.599 17.500
499 430 -0.03592323755 0.26594287561 2.3 17.544
500 453 0.02407676245 -0.16405712439 2.319 17.682
502 482 -0.48592323755 -0.46405712439 2.128 17.514
503 451 0.08407676245 0.40594287561 2.419 17.591
504 412 0.29407676245 -0.19405712439 2.302 17.521
505 628 -0.07592323755 -0.29405712439 1.598 17.209
507 416 0.06407676245 0.55594287561 2.19 17.579
509 517 -0.49592323755 0.50594287561 2.49 17.445
510 459 -0.10592323755 0.04594287561 2.282 17.532
511 560 0.25407676245 -0.35405712439 1.799 17.475
512 597 0.25407676245 0.01594287561 1.746 17.755
513 477 0.70407676245 -0.21405712439 1.806 17.693
515 433 0.26407676245 0.19594287561 2.178 17.444
518 684 -0.22592323755 -0.22405712439 1.599 17.700
519 901 1.81407676245 0.96594287561 2.974 17.575
520 479 -0.02592323755 -0.15405712439 2.236 17.727
521 443 -0.24592323755 -0.06405712439 2.417 17.595
522 536 0.10407676245 0.20594287561 2.11 17.552
523 568 0.11407676245 0.13594287561 1.849 17.571
524 540 0.09407676245 -0.38405712439 2.147 17.695
525 530 -0.22592323755 -0.00405712439 2.252 17.636
526 587 0.38407676245 -0.17405712439 1.894 17.448
528 473 -0.33592323755 0.55594287561 1.751 17.637
529 589 0.16407676245 0.27594287561 1.679 17.603
531 518 -0.01592323755 0.18594287561 2.345 17.688
532 618 -0.27592323755 0.38594287561 1.628 17.729
533 558 0.41407676245 0.29594287561 1.701 17.724
534 546 0.24407676245 -0.11405712439 1.846 17.766
537 492 0.11407676245 -0.08405712439 1.648 17.740
539 668 -0.14592323755 0.25594287561 1.696 17.718
540 454 0.05407676245 0.20594287561 2.222 17.642
542 559 0.09407676245 -0.35405712439 2.095 17.625
543 580 -0.13592323755 0.24594287561 2.124 17.685
544 710 0.16407676245 -0.09405712439 1.666 17.644
545 613 0.14407676245 -0.00405712439 1.671 17.661
547 460 -0.22592323755 0.11594287561 2.334 17.031
548 653 -0.24592323755 0.42594287561 1.834 17.786
549 583 0.40407676245 -0.11405712439 1.613 17.769
550 468 -0.22592323755 -0.05405712439 2.161 17.205
552 657 -0.04592323755 0.21594287561 1.645 17.711
553 535 0.12407676245 -0.06405712439 2.235 17.515
554 662 -0.00592323755 0.20594287561 1.781 17.727
555 563 -0.08592323755 -0.12405712439 1.9 17.475
557 541 -0.06592323755 -0.08405712439 1.828 17.601
559 478 0.01407676245 0.00594287561 2.316 17.590
560 548 -0.22592323755 0.10594287561 2.382 17.773
561 484 0.68407676245 -0.37405712439 1.614 17.587
564 552 0.27407676245 -0.15405712439 2.426 17.723
565 503 0.13407676245 0.06594287561 2.274 17.587
567 533 0.01407676245 0.06594287561 2.352 17.677
568 519 -0.25592323755 -0.15405712439 2.39 17.583
569 648 0.25407676245 0.19594287561 1.804 17.626
571 698 -0.03592323755 0.08594287561 1.714 17.642
572 531 0.01407676245 -0.29405712439 2.369 17.625
573 512 0.42407676245 0.14594287561 2.092 17.613
574 498 0.04407676245 -0.35405712439 2.442 17.438
577 480 0.08407676245 -0.17405712439 2.212 17.773
580 551 0.64407676245 -0.28405712439 2.832 17.757
581 339 0.18407676245 -0.18405712439 1.496 17.601
582 526 -0.06592323755 0.30594287561 2.487 17.743
583 521 0.14407676245 -0.11405712439 2.507 17.364
587 720 0.00407676245 0.10594287561 1.676 17.532
592 673 0.04407676245 0.21594287561 1.695 17.736
593 545 0.28407676245 -0.27405712439 2.132 17.706
605 576 -0.13592323755 0.46594287561 1.806 17.785
606 683 0.28407676245 -0.18405712439 1.682 17.667
609 619 0.05407676245 -0.50405712439 1.758 17.615
611 502 0.17407676245 0.40594287561 2.284 17.639
613 457 0.22407676245 -0.03405712439 2.217 17.751
614 516 0.19407676245 0.38594287561 2.18 17.764
618 448 0.14407676245 0.12594287561 2.257 17.773
620 485 0.39407676245 0.37594287561 2.456 17.698
636 733 0.14407676245 -0.17405712439 1.762 17.573
638 579 -0.27592323755 -0.26405712439 2.274 17.686
639 604 -0.03592323755 0.12594287561 2.431 17.697
643 748 0.07407676245 -0.22405712439 1.871 17.718
648 643 -0.13592323755 0.49594287561 2.279 17.709
649 735 -0.18592323755 -0.14405712439 1.76 17.782
650 593 -0.12592323755 -0.32405712439 2.287 17.673
651 632 -0.14592323755 0.22594287561 1.908 17.769
654 654 -0.06592323755 -0.27405712439 2.341 17.709
655 598 0.24407676245 -0.15405712439 2.341 17.723
657 609 -0.08592323755 0.08594287561 2.162 17.670
660 727 0.40407676245 -0.00405712439 1.726 17.717
661 775 -0.01592323755 -0.19405712439 1.896 17.694
665 627 -0.20592323755 0.07594287561 2.244 17.798
668 836 0.16407676245 -0.17405712439 1.461 17.775
669 1011 0.16407676245 0.57594287561 2.479 17.774
674 645 -0.21592323755 -0.59405712439 2.266 17.665
683 725 0.07407676245 0.04594287561 1.863 17.661
693 620 0.17407676245 -0.05405712439 2.291 17.631
695 693 -0.28592323755 0.07594287561 1.739 17.294
698 781 0.13407676245 0.40594287561 1.781 17.742
699 608 0.10407676245 -0.56405712439 2.315 17.350
702 829 0.00407676245 -0.08405712439 1.81 17.785
710 833 0.23407676245 -0.01405712439 1.777 17.436
715 629 0.13407676245 -0.08405712439 2.334 17.793
720 634 0.04407676245 0.14594287561 2.332 17.784
753 696 -0.26592323755 -0.19405712439 2.149 17.727
831 859 -0.16592323755 -0.28405712439 1.687 17.634
915 962 0.17407676245 -0.06405712439 1.841 17.794
1322 1388 0.11407676245 -0.01405712439 1.881 17.457
0 1 0.57293888426 0.37094321399 1.46 16.091
2 11 -0.14706111574 -0.08905678601 1.511 16.119
3 25 -0.12706111574 -0.26905678601 1.525 16.228
4 3 0.51293888426 -0.02905678601 1.456 16.262
5 9 -0.00706111574 0.02094321399 1.564 16.227
6 4 0.53293888426 -0.02905678601 1.386 16.239
7 62 0.14293888426 -0.10905678601 1.623 16.542
8 14 0.13293888426 0.11094321399 2.41 16.382
9 75 -0.19706111574 0.26094321399 1.597 16.198
10 60 0.29293888426 0.48094321399 1.583 16.421
11 0 -0.27706111574 0.37094321399 1.643 16.436
12 91 0.26293888426 0.10094321399 1.518 16.171
14 89 -0.15706111574 -0.03905678601 1.561 16.540
15 73 -0.09706111574 -0.09905678601 1.814 16.100
16 22 0.39293888426 0.08094321399 1.761 16.504
17 18 0.30293888426 0.68094321399 1.518 16.426
18 39 0.20293888426 0.16094321399 1.693 16.304
19 85 -0.17706111574 -0.08905678601 1.546 16.409
20 6 -0.27706111574 -0.07905678601 2.435 16.327
21 15 -0.15706111574 -0.07905678601 2.574 16.505
23 80 0.04293888426 0.37094321399 1.614 16.161
24 2 -0.39706111574 -0.08905678601 2.381 16.189
25 21 0.31293888426 -0.27905678601 2.311 16.140
26 106 0.28293888426 0.19094321399 1.623 16.514
28 20 -0.08706111574 0.18094321399 2.463 16.248
31 87 0.14293888426 0.12094321399 1.872 16.586
32 5 0.08293888426 -0.43905678601 2.63 16.357
33 10 -0.12706111574 -0.31905678601 2.546 16.253
34 53 0.26293888426 -0.26905678601 1.693 16.067
35 52 -0.12706111574 -0.08905678601 2.473 16.220
36 129 0.18293888426 -0.25905678601 1.567 16.514
37 109 -0.01706111574 0.17094321399 1.622 16.169
38 46 -0.10706111574 -0.28905678601 2.333 16.210
39 74 0.17293888426 0.37094321399 1.759 16.504
40 26 0.21293888426 -0.11905678601 2.616 16.353
41 42 0.06293888426 -0.03905678601 2.553 16.678
42 40 0.09293888426 -0.31905678601 2.389 16.659
44 38 -0.44706111574 0.10094321399 2.64 16.334
45 45 -0.09706111574 0.01094321399 2.28 16.495
46 49 -0.00706111574 0.18094321399 2.488 16.303
47 23 -0.42706111574 0.13094321399 2.433 16.334
49 24 -0.23706111574 -0.31905678601 2.531 16.377
50 28 -0.06706111574 -0.17905678601 2.564 16.183
51 27 -0.02706111574 -0.21905678601 2.61 16.293
53 69 0.00293888426 -0.29905678601 2.415 16.350
54 64 -0.01706111574 0.02094321399 2.496 16.385
55 19 0.37293888426 0.02094321399 2.326 16.272
57 16 -0.13706111574 0.23094321399 2.363 16.250
58 86 0.08293888426 -0.20905678601 2.368 16.290
59 7 0.32293888426 -0.50905678601 2.542 16.370
60 47 -0.20706111574 -0.23905678601 2.642 16.298
61 33 0.50293888426 -0.18905678601 2.564 16.048
62 54 -0.37706111574 -0.23905678601 2.352 16.423
63 58 -0.04706111574 -0.09905678601 2.542 16.400
64 102 0.31293888426 -0.04905678601 1.668 16.313
65 31 -0.06706111574 -0.00905678601 2.594 16.186
66 57 -0.10706111574 0.02094321399 2.357 16.325
67 41 0.33293888426 -0.08905678601 2.723 16.488
68 48 0.07293888426 0.22094321399 2.557 16.226
69 95 0.52293888426 0.35094321399 1.659 16.345
70 77 0.27293888426 -0.27905678601 2.289 16.310
71 67 0.02293888426 -0.12905678601 2.716 16.398
72 113 -0.14706111574 0.36094321399 1.777 16.395
73 148 0.05293888426 0.04094321399 1.543 16.609
74 12 -0.32706111574 0.19094321399 2.595 16.326
75 66 0.17293888426 -0.04905678601 2.598 16.401
76 17 0.38293888426 0.20094321399 2.312 16.366
77 90 -0.03706111574 -0.25905678601 2.289 16.358
79 35 0.10293888426 -0.48905678601 2.663 16.610
80 79 0.42293888426 0.43094321399 1.597 16.450
81 94 0.03293888426 -0.03905678601 2.143 16.425
82 68 0.09293888426 -0.04905678601 2.57 16.612
83 63 -0.04706111574 0.18094321399 2.503 16.739
85 30 0.28293888426 -0.22905678601 2.591 16.214
86 78 -0.06706111574 -0.00905678601 2.604 16.409
87 44 -0.14706111574 0.27094321399 2.57 16.276
88 147 0.28293888426 0.13094321399 1.748 16.532
89 138 -0.06706111574 0.13094321399 1.52 16.252
90 70 -0.16706111574 -0.34905678601 2.42 16.295
91 98 0.13293888426 0.15094321399 2.224 16.601
92 13 -0.41706111574 0.30094321399 2.564 16.556
93 51 0.22293888426 -0.28905678601 2.562 16.405
94 151 -0.24706111574 0.05094321399 1.749 16.421
95 96 0.38293888426 0.15094321399 1.848 16.313
96 145 0.07293888426 -0.26905678601 1.786 16.328
97 82 -0.12706111574 -0.41905678601 2.597 16.458
98 130 0.06293888426 0.27094321399 1.86 16.379
99 61 0.17293888426 -0.37905678601 2.727 16.737
100 124 -0.16706111574 -0.14905678601 1.758 16.737
101 99 -0.04706111574 -0.15905678601 2.579 16.435
102 101 -0.16706111574 -0.09905678601 2.459 16.550
103 111 -0.07706111574 0.11094321399 2.345 16.259
104 50 -0.21706111574 -0.09905678601 2.401 16.391
106 93 0.05293888426 -0.44905678601 2.123 16.715
107 156 0.32293888426 -0.04905678601 1.603 16.595
108 8 -0.19706111574 -0.29905678601 2.628 16.746
109 180 -0.09706111574 0.16094321399 1.775 16.480
110 97 -0.17706111574 0.35094321399 2.492 16.725
111 105 0.24293888426 0.33094321399 2.255 16.399
112 83 -0.09706111574 -0.45905678601 2.447 16.691
113 150 -0.47706111574 0.44094321399 1.728 16.511
115 139 0.05293888426 -0.28905678601 1.853 16.583
116 160 0.28293888426 0.14094321399 1.723 16.594
117 123 0.19293888426 0.35094321399 1.706 16.396
118 165 -0.34706111574 0.04094321399 1.711 16.477
119 125 0.16293888426 0.04094321399 2.403 16.621
120 59 -0.28706111574 0.08094321399 2.479 16.833
121 110 0.14293888426 -0.34905678601 2.459 16.351
122 81 -0.34706111574 0.23094321399 2.589 16.814
125 55 0.14293888426 -0.01905678601 2.525 16.561
126 195 -0.13706111574 -0.00905678601 1.562 16.602
127 115 0.02293888426 0.09094321399 2.294 16.614
128 108 -0.13706111574 -0.17905678601 2.686 16.805
129 76 0.20293888426 0.19094321399 2.374 16.497
130 158 0.43293888426 0.28094321399 1.7 16.736
131 84 -0.34706111574 -0.57905678601 2.436 16.838
132 103 -0.33706111574 -0.52905678601 2.362 16.735
133 92 -0.66706111574 -0.20905678601 2.446 16.820
134 146 0.24293888426 0.13094321399 2.098 16.634
135 119 -0.03706111574 0.48094321399 2.338 16.431
136 29 0.36293888426 -0.57905678601 2.569 16.614
137 72 0.20293888426 0.20094321399 2.427 16.483
138 186 0.03293888426 0.09094321399 1.799 16.301
139 104 -0.12706111574 0.29094321399 2.415 16.212
140 56 0.23293888426 -0.44905678601 2.633 16.389
141 37 0.15293888426 0.16094321399 2.556 16.945
142 100 0.15293888426 0.26094321399 2.495 16.639
143 133 -0.10706111574 -0.34905678601 2.45 16.569
144 65 0.16293888426 0.40094321399 2.543 16.488
145 210 0.32293888426 0.02094321399 1.674 16.809
147 132 0.61293888426 -0.11905678601 1.508 16.578
148 205 -0.07706111574 -0.08905678601 1.565 16.534
149 112 0.13293888426 -0.56905678601 2.589 16.784
150 36 0.39293888426 0.52094321399 2.442 16.699
151 117 -0.10706111574 0.06094321399 2.617 16.474
152 135 0.11293888426 -0.21905678601 2.36 16.485
153 200 0.07293888426 -0.11905678601 1.709 16.887
154 229 0.05293888426 0.21094321399 1.666 16.653
155 131 0.08293888426 -0.37905678601 2.884 16.426
156 178 0.54293888426 -0.11905678601 1.725 16.412
157 128 0.13293888426 -0.02905678601 2.59 16.662
158 144 0.09293888426 -0.02905678601 2.467 16.693
159 118 0.13293888426 0.15094321399 2.423 16.599
160 157 -0.51706111574 -0.00905678601 2.427 16.962
161 175 -0.17706111574 0.16094321399 2.205 16.848
162 122 0.07293888426 0.48094321399 2.318 16.940
163 140 -0.03706111574 -0.12905678601 2.397 17.003
164 107 -0.37706111574 0.37094321399 2.456 16.632
165 136 -0.00706111574 -0.15905678601 2.5 16.621
166 149 -0.20706111574 0.27094321399 2.434 16.628
167 261 -0.31706111574 -0.31905678601 1.291 16.719
168 120 0.21293888426 -0.36905678601 2.566 16.978
170 114 -0.22706111574 -0.48905678601 2.558 16.687
173 183 0.22293888426 0.17094321399 1.792 16.895
174 239 0.39293888426 0.11094321399 1.718 16.681
175 126 0.25293888426 0.06094321399 2.42 16.737
176 174 0.06293888426 0.33094321399 2.421 16.672
177 159 0.16293888426 -0.13905678601 2.529 16.777
179 208 -0.03706111574 -0.20905678601 1.853 16.788
180 121 0.07293888426 0.18094321399 2.426 16.747
181 116 -0.36706111574 0.39094321399 2.583 16.726
182 250 0.17293888426 -0.25905678601 1.662 16.634
183 168 -0.04706111574 -0.08905678601 2.504 16.732
184 181 0.00293888426 -0.22905678601 2.547 16.830
185 167 0.17293888426 0.13094321399 2.481 17.148
186 137 0.02293888426 0.47094321399 2.428 16.684
187 143 -0.04706111574 -0.14905678601 2.614 16.986
188 152 0.05293888426 0.45094321399 2.398 16.770
189 192 0.10293888426 -0.20905678601 2.109 16.467
190 245 0.18293888426 0.11094321399 1.81 17.075
191 191 0.24293888426 0.30094321399 1.709 16.924
192 169 -0.25706111574 0.11094321399 2.451 17.065
193 164 0.35293888426 -0.28905678601 2.601 16.717
194 179 -0.20706111574 -0.28905678601 2.387 16.854
195 142 0.33293888426 -0.10905678601 2.552 16.805
196 264 0.55293888426 0.09094321399 1.688 17.587
197 194 0.35293888426 0.40094321399 1.815 17.029
198 172 0.16293888426 -0.26905678601 2.535 16.726
199 189 -0.14706111574 0.06094321399 2.49 16.679
200 201 0.30293888426 -0.13905678601 2.327 17.109
201 163 -0.04706111574 -0.37905678601 2.54 16.856
202 234 0.26293888426 -0.42905678601 1.902 16.869
203 170 -0.01706111574 -0.54905678601 2.347 16.843
204 88 0.40293888426 -0.15905678601 2.667 16.840
205 223 -0.40706111574 0.01094321399 2.463 16.738
206 127 0.25293888426 0.22094321399 2.578 16.897
207 203 -0.12706111574 -0.02905678601 2.299 16.939
208 247 0.27293888426 0.05094321399 1.805 17.090
209 256 0.21293888426 0.35094321399 1.706 16.979
210 177 0.07293888426 -0.29905678601 2.539 16.856
211 154 -0.15706111574 -0.39905678601 2.601 16.821
212 246 0.19293888426 0.00094321399 1.865 16.882
213 153 0.47293888426 0.45094321399 2.138 16.818
214 209 0.00293888426 0.01094321399 1.785 17.135
215 182 -0.09706111574 -0.35905678601 2.484 16.942
216 222 0.01293888426 0.17094321399 2.141 16.875
217 155 -0.19706111574 0.21094321399 2.713 16.880
218 198 -0.22706111574 -0.26905678601 2.463 16.945
223 206 -0.18706111574 0.53094321399 2.241 16.697
224 71 0.40293888426 0.36094321399 2.551 16.934
226 211 -0.24706111574 -0.15905678601 2.456 16.952
227 185 -0.67706111574 0.31094321399 2.402 17.119
228 190 -0.06706111574 0.23094321399 2.489 17.167
229 141 -0.66706111574 0.80094321399 2.406 16.891
230 187 -0.11706111574 -0.32905678601 2.252 16.846
231 162 -0.27706111574 -0.69905678601 2.55 17.125
232 193 0.06293888426 -0.45905678601 2.61 16.966
233 217 -0.13706111574 0.24094321399 2.284 17.027
235 216 -0.09706111574 0.13094321399 2.345 17.031
236 225 0.20293888426 0.03094321399 2.504 16.810
237 273 0.14293888426 -0.19905678601 1.847 16.941
238 215 -0.15706111574 -0.30905678601 2.544 17.113
239 308 0.24293888426 -0.07905678601 1.71 17.058
240 255 0.14293888426 0.39094321399 1.638 16.797
241 213 -0.29706111574 -0.27905678601 2.523 17.166
242 171 -0.14706111574 0.21094321399 2.363 16.965
243 304 -0.53706111574 -0.05905678601 1.67 16.703
244 134 0.52293888426 0.14094321399 2.463 17.142
245 214 -0.45706111574 -0.08905678601 2.404 16.954
246 306 0.23293888426 0.00094321399 1.848 16.887
247 231 0.11293888426 -0.28905678601 2.271 16.937
248 303 0.22293888426 0.04094321399 1.893 16.987
249 287 0.28293888426 0.76094321399 1.644 17.055
250 252 -0.21706111574 0.10094321399 2.234 16.970
251 199 -0.04706111574 -0.64905678601 2.433 16.945
252 184 0.52293888426 0.15094321399 2.584 16.996
253 236 -0.03706111574 0.12094321399 2.279 17.097
254 197 -0.13706111574 -0.31905678601 2.588 16.991
255 244 -0.06706111574 -0.21905678601 2.14 17.042
256 221 -0.18706111574 0.05094321399 2.503 17.184
257 212 -0.30706111574 0.64094321399 2.474 16.944
258 226 -0.24706111574 0.18094321399 2.532 17.239
259 310 0.00293888426 -0.07905678601 2.419 17.193
261 238 -0.28706111574 -0.12905678601 2.531 16.929
264 173 0.25293888426 -0.53905678601 2.322 16.957
266 232 -0.19706111574 -0.18905678601 2.562 17.047
267 242 -0.29706111574 -0.29905678601 2.283 17.195
268 196 0.14293888426 -0.06905678601 2.297 17.283
269 188 0.56293888426 -0.16905678601 2.58 17.053
270 253 -0.23706111574 -0.03905678601 2.373 16.986
273 237 0.05293888426 -0.11905678601 2.449 16.959
274 271 0.21293888426 -0.28905678601 1.853 17.193
275 224 0.00293888426 -0.34905678601 2.536 17.036
276 243 0.29293888426 0.69094321399 2.136 17.063
277 235 0.28293888426 -0.08905678601 2.176 17.036
279 240 -0.20706111574 -0.43905678601 2.28 17.180
280 323 -0.13706111574 0.48094321399 1.841 16.982
281 233 0.35293888426 -0.09905678601 2.398 17.212
282 270 0.05293888426 -0.07905678601 2.35 17.087
283 266 -0.25706111574 -0.17905678601 2.613 16.935
284 295 0.24293888426 -0.20905678601 2.282 17.176
285 278 -0.10706111574 -0.09905678601 2.441 17.069
286 400 0.25293888426 0.16094321399 1.86 17.106
287 338 0.11293888426 -0.21905678601 2.126 17.069
288 291 0.02293888426 0.07094321399 2.515 17.020
289 299 -0.15706111574 -0.06905678601 2.439 17.108
290 275 -0.25706111574 0.12094321399 2.364 17.246
291 204 -0.39706111574 0.13094321399 2.561 17.235
292 293 0.10293888426 -0.27905678601 2.323 17.096
293 276 0.16293888426 -0.26905678601 2.383 17.221
295 202 -0.30706111574 -0.33905678601 2.621 17.188
296 259 0.11293888426 0.23094321399 2.199 17.072
297 294 -0.23706111574 0.41094321399 2.46 17.212
298 269 0.37293888426 0.37094321399 1.766 17.113
299 267 -0.14706111574 0.44094321399 2.42 17.279
300 385 -0.02706111574 -0.04905678601 1.769 17.046
301 458 -0.06706111574 -0.08905678601 1.614 17.144
303 249 -0.59706111574 -0.13905678601 2.451 17.166
304 218 -0.15706111574 -0.32905678601 2.339 17.137
305 405 -0.03706111574 0.09094321399 1.819 17.317
306 330 -0.38706111574 0.87094321399 1.751 17.247
307 228 0.52293888426 -0.27905678601 1.729 17.132
308 286 0.30293888426 0.07094321399 2.341 17.150
309 285 -0.02706111574 -0.01905678601 2.64 17.130
310 290 0.09293888426 -0.24905678601 2.387 16.976
312 277 -0.07706111574 0.21094321399 2.525 17.195
313 361 -0.25706111574 0.42094321399 1.765 17.169
314 272 0.16293888426 0.41094321399 2.317 17.188
315 426 -0.03706111574 0.22094321399 1.838 16.996
316 297 -0.30706111574 -0.21905678601 2.356 17.178
317 319 -0.18706111574 -0.39905678601 2.341 17.176
318 288 -0.04706111574 0.02094321399 2.592 17.294
321 254 0.09293888426 0.10094321399 2.471 17.200
322 280 -0.16706111574 -0.49905678601 2.424 17.403
323 265 0.30293888426 0.11094321399 2.389 17.469
324 342 0.13293888426 0.41094321399 1.79 17.295
325 409 -0.15706111574 -0.35905678601 1.632 17.105
326 176 0.36293888426 -0.10905678601 2.653 17.089
327 440 0.43293888426 0.13094321399 1.762 17.388
328 268 0.14293888426 0.08094321399 2.332 17.507
329 258 0.35293888426 0.19094321399 2.557 17.411
331 425 -0.15706111574 -0.10905678601 1.853 17.177
332 279 -0.22706111574 0.31094321399 2.478 17.211
334 318 0.39293888426 -0.65905678601 2.387 17.167
335 348 0.16293888426 0.14094321399 2.237 17.347
337 302 0.11293888426 0.28094321399 2.373 17.375
338 320 0.25293888426 -0.03905678601 2.46 17.221
339 339 0.21293888426 -0.52905678601 2.13 17.232
342 366 -0.06706111574 -0.06905678601 2.1 17.762
343 274 0.04293888426 -0.14905678601 2.488 17.135
344 383 0.13293888426 0.31094321399 1.729 17.168
345 349 0.12293888426 0.12094321399 2.355 17.147
346 417 -0.01706111574 -0.44905678601 1.767 17.339
347 315 -0.11706111574 -0.46905678601 2.407 17.398
350 284 0.24293888426 -0.20905678601 2.428 17.188
351 281 0.03293888426 0.20094321399 2.452 17.173
352 345 0.08293888426 0.26094321399 2.286 17.435
353 434 -0.02706111574 0.29094321399 1.799 17.451
354 331 -0.29706111574 0.12094321399 2.41 17.189
355 333 -0.21706111574 -0.35905678601 2.347 17.454
356 380 0.08293888426 0.40094321399 1.847 17.211
357 340 0.13293888426 0.21094321399 2.367 17.296
359 317 0.09293888426 -0.08905678601 2.425 17.220
361 350 0.31293888426 -0.30905678601 2.308 17.285
362 441 -0.11706111574 0.33094321399 1.831 17.396
363 334 -0.24706111574 -0.21905678601 2.48 17.281
364 379 -0.11706111574 0.07094321399 2.308 17.289
365 358 0.03293888426 0.03094321399 2.331 17.208
366 341 0.35293888426 -0.28905678601 2.225 17.455
367 327 0.18293888426 0.47094321399 2.349 17.301
368 394 0.27293888426 0.14094321399 2.131 17.500
370 346 -0.24706111574 -0.00905678601 2.093 17.372
371 305 -0.12706111574 0.38094321399 2.428 17.377
372 316 -0.19706111574 -0.67905678601 2.448 17.242
373 347 -0.06706111574 0.07094321399 2.438 17.187
376 311 -0.15706111574 0.35094321399 2.423 17.271
377 374 -0.17706111574 -0.01905678601 2.225 17.292
379 328 0.29293888426 0.18094321399 2.475 17.390
380 356 -0.04706111574 -0.35905678601 2.443 17.309
381 495 0.10293888426 0.62094321399 1.855 17.295
382 313 -0.27706111574 -0.52905678601 2.62 17.271
383 343 0.10293888426 -0.14905678601 2.519 17.463
384 443 0.22293888426 0.12094321399 2.104 17.272
385 314 0.10293888426 0.19094321399 2.532 17.428
386 296 -0.21706111574 -0.43905678601 2.58 17.244
387 485 0.13293888426 0.10094321399 1.818 17.386
388 396 0.28293888426 0.48094321399 1.806 17.330
389 393 -0.11706111574 -0.12905678601 1.637 17.302
390 378 -0.29706111574 0.11094321399 2.439 17.272
391 369 0.19293888426 -0.19905678601 2.464 17.406
392 376 0.09293888426 -0.03905678601 2.296 17.444
393 542 0.34293888426 0.34094321399 1.687 17.296
394 289 0.21293888426 0.06094321399 2.46 17.260
395 298 -0.33706111574 0.27094321399 2.486 17.256
396 403 -0.28706111574 -0.47905678601 2.132 17.311
398 362 -0.26706111574 -0.10905678601 2.47 17.405
399 414 -0.11706111574 -0.27905678601 2.147 17.254
400 292 0.15293888426 -0.21905678601 2.829 17.374
401 365 0.06293888426 -0.07905678601 2.61 17.614
402 329 0.34293888426 -0.45905678601 2.5 17.231
404 447 0.34293888426 0.14094321399 2.151 17.534
406 354 -0.03706111574 -0.39905678601 2.485 17.304
409 423 0.72293888426 0.30094321399 1.883 17.239
410 431 -0.17706111574 0.32094321399 2.311 17.513
412 422 -0.01706111574 0.23094321399 2.509 17.460
413 398 0.01293888426 -0.10905678601 2.127 17.337
414 451 0.12293888426 -0.37905678601 1.901 17.341
416 427 0.17293888426 -0.23905678601 2.235 17.595
417 312 -0.30706111574 -0.02905678601 2.537 17.202
418 372 0.03293888426 -0.23905678601 2.464 17.202
419 401 0.16293888426 -0.15905678601 2.336 17.390
421 459 -0.31706111574 -0.31905678601 2.249 17.342
423 353 -0.04706111574 -0.13905678601 2.29 17.393
424 446 -0.44706111574 -0.08905678601 2.216 17.267
425 512 0.04293888426 0.00094321399 2.103 17.347
426 415 -0.02706111574 0.13094321399 2.392 17.278
427 429 0.08293888426 -0.19905678601 2.175 17.433
428 388 -0.02706111574 -0.26905678601 2.373 17.453
430 395 -0.18706111574 -0.00905678601 2.473 17.372
431 519 0.10293888426 -0.13905678601 2.096 17.474
432 407 -0.07706111574 -0.02905678601 2.632 17.516
433 387 -0.22706111574 0.44094321399 2.257 17.531
435 352 -0.26706111574 0.02094321399 2.46 17.522
436 324 -0.57706111574 -0.15905678601 2.437 17.385
437 457 0.04293888426 -0.19905678601 2.364 17.403
438 450 0.22293888426 0.42094321399 1.841 17.561
441 360 0.24293888426 -0.31905678601 2.276 17.240
442 373 -0.05706111574 0.38094321399 2.348 17.377
444 453 0.22293888426 0.11094321399 2.324 17.338
445 507 -0.41706111574 0.41094321399 1.78 17.474
446 439 0.06293888426 0.27094321399 2.436 17.449
448 364 -0.01706111574 0.08094321399 2.394 17.360
449 389 0.11293888426 -0.36905678601 2.637 17.458
450 513 -0.04706111574 -0.06905678601 2.119 17.529
451 344 0.38293888426 0.33094321399 2.31 17.410
452 382 0.38293888426 -0.57905678601 2.491 17.487
453 548 -0.23706111574 0.22094321399 2.109 17.424
454 432 -0.43706111574 -0.07905678601 2.422 17.518
455 558 0.10293888426 -0.47905678601 1.803 17.386
456 483 -0.09706111574 -0.26905678601 2.226 17.551
457 408 -0.21706111574 -0.46905678601 2.328 17.374
459 381 0.46293888426 -0.00905678601 2.126 17.483
460 834 -1.54706111574 0.10094321399 2.326 17.320
461 591 0.27293888426 0.07094321399 1.865 17.294
462 359 0.18293888426 0.06094321399 2.34 17.433
463 456 0.23293888426 -0.11905678601 1.841 17.542
464 384 0.07293888426 -0.62905678601 2.468 17.449
465 351 0.10293888426 -0.45905678601 2.119 17.558
466 537 0.38293888426 -0.31905678601 2.101 17.417
467 538 0.30293888426 -0.31905678601 2.223 17.382
468 504 0.04293888426 -0.12905678601 2.442 17.561
469 445 -0.09706111574 0.06094321399 2.376 17.488
470 421 -0.23706111574 0.22094321399 2.268 17.579
471 527 -0.06706111574 0.07094321399 2.17 17.438
473 530 0.12293888426 -0.18905678601 2.475 17.427
476 370 -0.35706111574 0.47094321399 2.334 17.532
477 477 -0.34706111574 0.22094321399 2.373 17.407
478 597 0.42293888426 0.08094321399 1.882 17.389
479 480 0.14293888426 0.40094321399 2.264 17.563
480 377 -0.26706111574 0.80094321399 2.399 17.436
481 392 -0.04706111574 0.25094321399 2.296 17.618
483 488 0.13293888426 -0.52905678601 2.42 17.471
484 460 0.07293888426 -0.07905678601 2.442 17.568
485 428 -0.18706111574 0.09094321399 2.377 17.447
487 630 0.33293888426 -0.02905678601 1.841 17.648
488 571 0.02293888426 0.24094321399 1.792 17.375
489 508 0.05293888426 -0.04905678601 2.309 17.526
490 371 -0.11706111574 0.10094321399 2.534 17.451
491 466 -0.14706111574 -0.14905678601 2.275 17.440
492 470 -0.30706111574 0.41094321399 2.111 17.582
494 506 0.28293888426 0.03094321399 2.189 17.561
495 550 0.35293888426 0.23094321399 2.34 17.511
496 418 0.32293888426 0.19094321399 2.131 17.451
497 455 -0.16706111574 -0.17905678601 2.369 17.479
498 469 0.06293888426 0.16094321399 2.385 17.556
499 518 -0.25706111574 0.31094321399 2.396 17.614
501 433 -0.20706111574 0.84094321399 2.287 17.609
502 452 -0.22706111574 -0.16905678601 2.568 17.622
506 567 -0.24706111574 -0.30905678601 1.883 17.509
507 543 -0.05706111574 -0.27905678601 2.244 17.468
510 661 0.19293888426 0.23094321399 1.829 17.514
511 413 -0.03706111574 -0.29905678601 2.44 17.492
512 500 -0.17706111574 0.25094321399 2.404 17.433
513 531 -0.03706111574 -0.25905678601 2.415 17.720
515 536 0.16293888426 -0.21905678601 2.322 17.652
518 655 0.03293888426 -0.06905678601 1.808 17.383
520 496 -0.07706111574 -0.44905678601 2.397 17.490
526 375 -0.38706111574 -0.08905678601 2.506 17.496
528 514 -0.48706111574 -0.45905678601 2.215 17.503
530 566 -0.15706111574 -0.12905678601 2.455 17.627
531 397 0.59293888426 -0.18905678601 2.479 17.516
532 534 0.12293888426 -0.09905678601 2.279 17.449
535 535 0.08293888426 -0.54905678601 2.312 17.658
537 505 0.02293888426 -0.19905678601 2.473 17.653
538 637 -0.18706111574 -0.00905678601 1.865 17.579
539 528 -0.22706111574 -0.11905678601 2.388 17.681
540 524 0.30293888426 0.43094321399 1.894 17.545
541 419 -0.33706111574 0.12094321399 2.482 17.728
543 473 0.13293888426 0.12094321399 2.525 17.509
545 515 -0.11706111574 0.13094321399 2.572 17.655
546 570 -0.05706111574 -0.13905678601 1.896 17.525
549 474 -0.34706111574 -0.52905678601 2.487 17.731
550 560 0.44293888426 -0.04905678601 2.113 17.646
551 472 -0.13706111574 -0.26905678601 2.431 17.536
552 332 0.12293888426 -0.43905678601 2.257 17.559
555 501 0.26293888426 -0.30905678601 2.458 17.711
556 588 0.06293888426 -0.06905678601 2.39 17.691
557 391 -0.43706111574 -0.07905678601 2.333 17.442
558 532 -0.44706111574 0.05094321399 2.26 17.576
559 503 -0.10706111574 0.03094321399 2.428 17.628
560 541 -0.05706111574 0.03094321399 2.529 17.576
561 665 0.11293888426 0.20094321399 1.909 17.559
562 595 -0.56706111574 0.38094321399 1.902 17.483
563 581 -0.00706111574 -0.17905678601 2.375 17.575
564 410 -0.07706111574 0.39094321399 2.223 17.695
565 498 0.07293888426 -0.42905678601 2.393 17.522
567 545 -0.31706111574 0.58094321399 1.841 17.674
568 516 0.04293888426 -0.07905678601 2.497 17.544
569 522 -0.10706111574 0.30094321399 2.338 17.709
570 577 0.03293888426 -0.07905678601 2.392 17.568
572 593 0.08293888426 -0.05905678601 2.264 17.478
573 735 0.21293888426 0.08094321399 1.859 17.651
574 551 -0.06706111574 -0.41905678601 2.094 17.527
575 578 0.42293888426 -0.28905678601 2.158 17.685
577 468 -0.10706111574 0.32094321399 2.387 17.654
578 462 0.16293888426 -0.22905678601 2.476 17.526
579 481 -0.16706111574 0.70094321399 2.385 17.652
580 631 0.04293888426 0.11094321399 2.261 17.503
581 596 -0.18706111574 0.07094321399 1.909 17.572
582 641 0.12293888426 0.33094321399 1.767 17.527
583 529 -0.29706111574 0.25094321399 2.305 17.591
584 547 -0.13706111574 0.09094321399 2.198 17.543
585 695 -0.30706111574 0.14094321399 1.622 17.534
586 509 -0.13706111574 0.49094321399 2.45 17.608
587 521 -0.08706111574 0.44094321399 2.534 17.634
588 604 -0.04706111574 -0.09905678601 2.1 17.462
589 555 0.19293888426 0.19094321399 2.271 17.669
591 677 -0.17706111574 0.08094321399 2.137 17.552
593 461 0.23293888426 -0.37905678601 2.343 17.564
594 573 0.21293888426 -0.03905678601 2.405 17.766
595 525 -0.24706111574 -0.04905678601 2.439 17.741
596 487 0.34293888426 0.33094321399 2.429 17.621
597 586 0.09293888426 0.03094321399 2.416 17.596
598 585 0.21293888426 -0.07905678601 2.126 17.595
599 464 -0.41706111574 -0.10905678601 2.5 17.678
601 673 0.37293888426 -0.23905678601 1.9 17.576
602 583 0.20293888426 -0.09905678601 2.286 17.622
603 579 0.38293888426 0.37094321399 2.452 17.586
604 526 0.00293888426 -0.29905678601 2.497 17.736
605 594 0.31293888426 0.05094321399 2.255 17.660
606 465 0.31293888426 0.40094321399 2.225 17.793
607 493 0.14293888426 0.12094321399 2.308 17.659
608 747 0.13293888426 0.08094321399 1.816 17.659
609 740 -0.14706111574 0.33094321399 1.743 17.687
610 582 -0.26706111574 -0.22905678601 2.4 17.570
611 643 -0.39706111574 -0.10905678601 2.106 17.587
614 624 0.08293888426 0.27094321399 2.453 17.665
615 610 -0.15706111574 -0.29905678601 2.51 17.731
617 592 0.14293888426 0.16094321399 2.157 17.646
621 760 0.40293888426 0.25094321399 1.904 17.607
622 627 0.08293888426 -0.10905678601 2.436 17.716
623 614 0.26293888426 -0.22905678601 2.361 17.601
625 618 -0.10706111574 -0.15905678601 2.395 17.725
627 640 -0.16706111574 -0.10905678601 2.399 17.550
630 605 0.26293888426 -0.30905678601 2.182 17.599
631 683 0.20293888426 0.18094321399 1.877 17.681
632 634 0.27293888426 0.31094321399 1.824 17.740
633 832 0.11293888426 0.30094321399 1.842 17.575
634 721 -0.41706111574 -0.16905678601 1.805 17.768
636 711 0.15293888426 0.08094321399 2.298 17.702
637 671 0.18293888426 -0.15905678601 2.337 17.646
638 619 -0.14706111574 0.28094321399 2.451 17.636
639 590 0.05293888426 0.22094321399 2.445 17.689
640 611 0.06293888426 -0.27905678601 2.352 17.721
641 649 -0.11706111574 -0.18905678601 2.416 17.677
644 607 0.31293888426 -0.27905678601 2.195 17.674
648 682 -0.15706111574 -0.01905678601 2.293 17.748
650 652 0.16293888426 -0.22905678601 2.452 17.667
652 697 -0.12706111574 0.66094321399 1.877 17.709
654 788 -0.13706111574 -0.30905678601 1.894 17.747
655 676 0.54293888426 -0.11905678601 2.232 17.747
662 612 -0.04706111574 0.09094321399 2.459 17.699
663 620 0.24293888426 -0.06905678601 2.098 17.770
673 646 -0.07706111574 -0.09905678601 2.538 17.792
674 732 -0.28706111574 0.14094321399 2.517 17.780
675 625 -0.22706111574 -0.52905678601 2.497 17.735
679 648 -0.19706111574 -0.19905678601 2.488 17.718
681 681 0.03293888426 0.19094321399 2.287 17.798
686 821 0.01293888426 -0.30905678601 2.095 17.784
688 922 0.13293888426 0.27094321399 2.149 17.738
694 639 -0.23706111574 -0.01905678601 2.535 17.783
696 662 0.24293888426 0.31094321399 2.554 17.798
704 701 0.10293888426 -0.43905678601 2.417 17.723
717 667 0.29293888426 -0.15905678601 2.523 17.727
718 703 0.25293888426 0.36094321399 2.16 17.792
721 881 0.13293888426 0.24094321399 2.373 17.711
733 827 -0.10706111574 0.03094321399 2.208 17.795
736 615 -0.44706111574 -0.27905678601 2.38 17.715
738 725 0.04293888426 -0.31905678601 2.314 17.788
745 707 -0.31706111574 -0.10905678601 2.355 17.713
746 699 0.09293888426 -0.00905678601 2.432 17.779
780 499 -0.10706111574 0.43094321399 2.666 17.743
781 840 -0.43706111574 0.44094321399 2.125 17.729
850 937 0.02293888426 -0.15905678601 2.21 17.749
1918 2306 -0.06706111574 0.13094321399 2.131 17.413
